-2.944921280475597536e-01,-4.916359345423450544e-01,2.106049672841865117e-01,1.100363129271611923e-01,-8.097702942795328984e-02,-9.995090825139309187e-02,-1.035033826805247803e-01,-6.887537583136696395e-02,2.608808107367096563e-01,1.464907260921359256e-01,2.601535729382829509e-01,-2.650860570131849392e-01,-3.889415472845925408e-03,-2.779409537332846458e-01,-6.363881268858247175e-02,9.515994092640210622e-02,-4.722540862272460449e-02,3.331545861115627061e-02,-2.298998476903394428e-01,2.056964677713810918e-01,-5.245403575609559887e-02,-2.287121952248657997e-01,7.820977383201831168e-02,8.947183152903842585e-02,3.659365973517669790e-02,1.816055654654737395e-01,2.003074736104156761e-01,4.592592614754844454e-02,-6.670535192472780428e-02,2.031464051820243769e-02,1.271193516451404049e-01
-2.095405262334819885e-01,2.600784375586627853e-02,-7.959420349769859293e-02,-7.121760643345166619e-02,-4.396187070849214007e-01,2.634767204022813239e-02,1.226289462479923514e-01,3.383326647973011747e-01,-9.679288076606423763e-02,2.016183108990658723e-01,-3.236223136518031479e-02,3.821209307061486371e-02,-5.356589387038721744e-04,-2.585075302759972105e-01,-1.217315780808213704e-01,-8.991524841130231482e-02,1.529136892510272495e-02,7.054564557606735065e-02,2.944786960583399282e-01,2.432199162182570665e-02,-3.010062124355400957e-03,1.558548876289289620e-01,-7.127741214342679654e-02,3.930249285018565936e-02,-1.409765560689315023e-01,-3.037690361605506206e-01,1.999793312422748492e-01,3.534466050457088504e-01,-1.539396073543786714e-01,2.192360128852417211e-01,7.755419409532494923e-02
1.554305644323633051e-01,1.958778439353239531e-01,1.850297305436190420e-01,1.528145918146058824e-01,4.406672281739993924e-01,9.901669668748404318e-02,-1.922540399786506482e-01,-5.151415571190054443e-02,1.421878467022193726e-01,-9.616402966075415781e-02,1.965771248937143653e-02,-5.049045758112606641e-02,-2.024892260140015443e-01,-2.172138208570473239e-01,-2.451088836260451598e-01,7.816964965102959906e-02,-3.409569358883776657e-01,-5.885654691784543424e-02,1.779188001681677456e-01,-4.118692808181175641e-02,8.223195430065158296e-02,-1.457912284283506034e-03,-1.709483873248204000e-01,-5.171716297442283811e-02,-3.060672674477482036e-01,-1.994594995466341877e-03,2.473669743778115215e-01,1.396647735746988084e-01,-1.986504299407326202e-01,1.343779652479708819e-01,-1.608657605139664493e-01
1.165849529902368981e-01,2.050952997366018438e-01,1.750496514875222454e-01,-2.800730665384029150e-01,-6.454160621170992873e-02,-4.584866531232844461e-02,-2.124140976386421908e-01,-2.690748329954107954e-01,-3.275332955793106710e-02,4.227388126101301602e-02,2.043611349678762512e-01,2.110113562766720990e-02,2.772198307239983062e-01,-2.027916579259418650e-01,2.370135535622682754e-01,-3.128763306210115003e-01,9.130277438543052404e-02,1.254014653535390766e-01,2.829102883020574999e-01,5.508403332977911127e-02,3.056909420437542990e-01,-3.138036371855367768e-01,1.602460183710878727e-01,-1.230497354376442198e-01,-1.205429804904413343e-01,6.694896366336902660e-02,-4.028935758839116005e-02,-2.446568713551555002e-02,-8.273278218639431442e-03,1.109342669165305911e-01,1.444907735869735699e-01
4.804127625997259288e-01,-1.253678081970996394e-02,7.469764030482027584e-02,-3.471270474326781930e-02,-2.192024812039423676e-01,-4.664000891108842362e-02,9.870232133232953453e-02,2.352140224783778183e-02,2.209686947621995190e-01,3.034060848414631487e-02,-1.654913485024267772e-01,2.770030181150324178e-01,4.254850481142390117e-02,-2.710341122038817940e-01,-3.107124045903016940e-01,1.448736441983285994e-01,2.359188879939440875e-01,-1.999878397012737896e-01,-2.055907537120121586e-01,-8.610706504868345657e-02,1.446529909974129946e-01,-1.319033480576482786e-01,1.146122773497726260e-01,1.542827168951838301e-01,6.716310926281343630e-02,1.426345388689402860e-01,-1.962091032181740580e-01,1.265589748973821316e-01,-2.201539379589615708e-01,4.054138313002592781e-02,-7.068286497133019486e-02
-1.903274584687198942e-02,-6.616572228691723623e-02,-6.718766182967818301e-02,-1.269173789080056125e-01,5.147399943357194169e-02,-2.069671671174414251e-01,1.649734456550739359e-01,-1.471166756371860840e-01,3.807904141254913055e-01,-1.581368737460241147e-01,-2.450192464967329842e-01,-3.253190500790612005e-01,4.211564578283187310e-01,-1.829357214721935021e-01,2.461258140448515166e-02,2.362391857384964211e-01,4.422395982487544418e-04,1.385283720385271367e-01,3.026086472523177862e-01,-1.722827246710652016e-01,6.456528181137748124e-02,2.416029951527774444e-01,-1.140239672384442959e-01,-3.783076422627024149e-02,1.692581241871836395e-01,-6.737884894224348276e-02,2.446011771117404671e-02,-3.082704983868632398e-02,1.527784178468239058e-02,-1.327564953236218814e-01,-8.457623407697925644e-02
1.294261725829374231e-02,-1.116591256552149636e-01,1.285123862191460964e-01,4.475784026946791165e-03,-1.223253092615766147e-01,1.632082064041720237e-01,-6.962330540821233538e-02,-1.397595925379127857e-01,2.379310118127495877e-01,-1.336928620085087727e-01,-5.556090250662673036e-01,-2.509070137926655911e-02,-3.401007445546657126e-01,4.915992493000555935e-02,2.364293204961436246e-01,-1.774536646970736320e-01,5.621810117525455168e-03,3.290812136945400757e-01,-1.345782288570293028e-01,2.309316939630024212e-01,7.629063985453200802e-02,-9.565290228619893753e-02,-1.093193219570483127e-01,-1.715483903638325147e-01,8.346317549720647100e-02,-1.494723395251711662e-01,-8.506698907402772403e-02,1.035293238606089933e-01,-7.461504352775023829e-02,1.595112860045372061e-01,-3.418832448960365533e-02
5.795692229450697536e-02,-1.234787186647677698e-01,-2.641850778519566796e-03,1.090689699766955317e-01,-3.878661793161080479e-02,2.676107908174381045e-01,-9.429691986898534883e-02,-6.720278360330542156e-02,-1.399890356672438552e-01,-2.528764157449780448e-01,5.892406452194747651e-02,-3.703330213892913614e-02,1.301515293675241658e-01,-1.188791920514733480e-01,-2.730580152668342087e-01,-9.012267173267638973e-03,-6.383534058537147782e-02,3.248087375417084421e-02,-1.528622012884358894e-01,-1.131434767889347437e-01,2.019513846838611182e-01,1.308833948431033511e-01,-3.407184472377303708e-01,-1.030249159656347058e-01,1.995304034024879269e-02,-9.855387912991686594e-02,-1.963096768680946402e-01,-7.286358571731063258e-03,1.404768250198591417e-01,1.466522235040546365e-02,6.279297426085492795e-01
-1.703997110409729843e-01,1.468401639410752135e-01,8.570811492715214863e-02,-2.483835385706697207e-01,3.035452754389803554e-01,2.115001230502765450e-01,7.288515731326508651e-02,-1.626454065946856820e-01,2.801970606275783898e-02,5.368167833860880700e-01,-9.173312433331688720e-02,-1.401938289388384440e-01,-3.278396930198209519e-02,-1.615428288923562716e-01,-1.676475479237195532e-01,5.045519921979699229e-02,4.880285983935091915e-02,7.759602886900872180e-03,-2.138631959906702462e-01,-6.563048821526731857e-02,-7.928414193218198680e-02,1.387560025170726241e-01,2.678237663143158143e-01,-1.316376188451067186e-01,-2.133154931652482544e-02,-2.968006289640454654e-01,-2.711250997096161797e-01,-5.204070980853912204e-02,-1.312309143284895972e-02,2.255840676456560747e-03,6.964832088982117475e-02
-2.523109080953393479e-01,1.040673479171888745e-02,-3.360557762346595423e-01,2.414601658562339631e-02,3.555811220946888951e-01,1.971743680661096065e-01,-6.152950263135369829e-02,5.845720303549607061e-02,3.757707155195681714e-02,-4.726069612437792250e-02,-7.857322192340515654e-02,1.092769789614082970e-01,2.459339077754473801e-01,-1.476285868019331093e-01,7.490570838351264438e-05,-1.520378094197705199e-01,3.495826888058741200e-01,-1.271940606853030897e-01,-1.187231283522755115e-01,9.893121636587352830e-02,9.700964200279221794e-02,-5.923401470272377650e-02,-1.678540309485849757e-01,1.321899708588168132e-01,1.844340787641535195e-01,9.809088084456511758e-02,1.220728239159108441e-01,2.918818309383543631e-03,8.682348049573533622e-02,4.578285535356352298e-01,-1.628207389817496187e-01
7.946844641747802251e-02,3.764497093687984436e-02,7.595953462399424039e-02,-1.176437563031895867e-01,-2.747118691202981786e-02,3.909710166104116147e-02,-5.304689740811065896e-02,6.555631116820490045e-02,-2.767949312624592983e-01,-3.123123293306976841e-02,-2.585181371960581509e-01,-2.896485140883170994e-01,-2.392009834134848356e-01,-8.811716494632708396e-02,-2.471347769758482360e-01,1.667391915093153487e-01,3.049246718623878638e-01,-6.841769334021721716e-02,2.213064628520840516e-01,-1.328967737790305026e-01,-1.693707122438584123e-01,-3.467675760267733276e-01,5.019476753468139069e-02,-2.142489235247770352e-01,1.723483323388566302e-01,1.094027198078001972e-01,2.886235965691543170e-01,-9.099641279786822856e-02,2.814192940310125679e-01,6.213816173171069976e-03,8.329552820981390993e-02
1.102144419386825586e-01,2.691593635055791744e-02,-1.290219786522241729e-01,-7.152666146836798855e-02,-7.749039073391764121e-02,2.916409865614148500e-01,1.160255714099403535e-01,-3.818384640400940971e-02,1.024118426797992337e-01,-1.404894224941613534e-01,4.779404967750116445e-02,-3.032593049642530458e-02,2.303411557310657345e-02,-2.607503857862689470e-02,3.880322699401083514e-02,2.161598249915728034e-02,-2.971211932609512663e-01,-8.255855852978523368e-02,1.965682307097713633e-01,4.301021312844657135e-02,-3.823574438280984422e-01,-2.044107436300683367e-01,1.281711207703404298e-01,2.327386622067024458e-01,2.146863969622521684e-01,-1.458641006729863576e-01,-2.694519039034012908e-02,-4.003932031564961802e-01,-3.131884167985073963e-01,2.620741112730570754e-01,1.828509490769577306e-01
1.625004589262547261e-01,-4.541004006916648378e-02,-4.437848659157109799e-01,-1.157387423047198313e-02,1.136172086084567406e-01,-1.456214942047857897e-01,2.272860817687789581e-01,-3.511276734519987452e-01,-2.589442986632408683e-01,-1.469619254833622601e-01,2.860196836415093008e-02,-1.422243749360054595e-03,8.234581607201227338e-02,-7.059223492443487957e-02,-1.580784435740260549e-02,1.656109154027679831e-01,-9.465466208938209947e-02,8.430103725747097043e-02,-1.265505427997830057e-01,2.936884337615591201e-01,-1.722257786159244464e-01,-1.343245300565040490e-01,1.687264013177509070e-01,-2.165539735062967375e-01,-8.052238852341042641e-02,-7.079444580663020459e-02,6.657240640360821693e-02,4.136217432542247940e-01,-5.933388637483427708e-02,1.901952085165555667e-02,6.466482724220469491e-02
2.388063880526867522e-01,-2.907551270697463774e-01,-2.290716008367973122e-01,1.932247421163585943e-01,6.868847211713977052e-02,1.693736243550748588e-01,-2.143975054744043096e-01,1.466755007385676657e-01,1.178908351476290473e-01,1.535177374447196930e-01,7.375050644444601511e-02,-3.506825458609651447e-01,9.033476887918447107e-02,3.267143208670950649e-01,-8.093069337139408015e-02,-2.762365109795886231e-01,1.579307364033725181e-01,-1.388866135386900846e-01,2.002178661486244404e-01,-7.979942126418891613e-02,2.855299105711165200e-02,-1.192075034728101550e-02,1.283530563131462243e-01,-2.351853613792550535e-01,4.376226868441462220e-02,-2.583000943806591787e-02,-1.204203775637902873e-01,1.884703140345287686e-01,-2.883298116196454375e-01,-6.493843562580932371e-02,-2.663052759182437876e-02
4.688456500407735955e-02,-2.053672343265074973e-01,1.195806224006558047e-02,-6.617287959547005771e-01,-1.536844561442156365e-02,1.247110081411640786e-01,-3.769151590583858513e-01,-3.122030255093847032e-02,-2.022289171090182469e-01,-6.987797271886328487e-02,-4.993014797644428071e-02,-2.339229676560410434e-02,1.991026076050410321e-02,-1.336679196611447254e-02,1.137041071489813815e-01,3.779294016232152831e-02,-6.133828479896181324e-02,-1.302735283257301369e-01,-1.295037412207489247e-01,-5.283120247697965094e-02,-1.967654571707828093e-01,1.982158996906897563e-01,-2.131211036967642636e-01,1.103315710055896570e-01,8.851492224905794593e-04,1.582535121761193819e-01,5.492664581340129387e-02,1.621121287954390422e-01,-2.112446536924156293e-01,-1.074084996943521914e-01,-9.283728331450971649e-02
2.729641613817365142e-01,2.691713941888745562e-02,-9.101123125782152948e-03,-4.370092282767015779e-02,-6.463478740532191402e-02,-1.463527197877922958e-01,-3.292611610199929761e-01,-1.304473702408081859e-01,3.309795092683162632e-02,-6.574119126312544248e-02,2.515245259693744684e-01,-1.557547917336048748e-01,-1.587875161585470540e-01,8.033606134354338846e-02,-1.438233539757979296e-01,1.072934785072308939e-01,1.860890175144128689e-01,5.600135414786651389e-02,1.380412056264958970e-02,3.098638037621095909e-01,9.118484787613598264e-02,2.500851725720008578e-01,8.084976146599813507e-02,3.013253162736677648e-01,1.573676316837987477e-01,-4.407434273279133286e-01,5.953014577181384853e-02,-5.439871184631069057e-02,2.322791685100313863e-01,1.480553706084149768e-01,-1.066892471628871353e-01
-9.376397002726213903e-02,-2.495363462395610438e-02,6.794343820086322372e-02,3.618523823109465881e-02,1.338255352248362007e-01,1.925680681765535307e-01,1.026424611995105790e-01,-1.127285007049643878e-01,-2.203033824763567239e-02,-2.281314913474190853e-01,1.494121752219234878e-01,7.561936965488253587e-03,-6.054203327599692180e-02,-5.143459824583702933e-02,-1.337357853026519827e-01,-2.045834560211743924e-01,2.727150758181766665e-01,4.257879968713884078e-01,6.580182036772783127e-02,-2.763507420208018428e-01,-2.171445692793601001e-01,-1.869706723578015983e-01,1.294067305186489929e-02,4.190527661990409158e-01,-5.847664787025407679e-02,-1.026384921873128853e-01,-1.007918675750770904e-01,2.303287030000792102e-01,-3.221672223551041991e-02,-2.828235090624349746e-01,-1.141116148171493205e-01
-6.595763803895211830e-02,-4.005875324452761593e-02,1.328837378245691370e-01,-9.642175082887893822e-03,-7.517974138015430519e-02,-1.935172599017158102e-01,2.598434137606832062e-01,-1.586911729135880855e-01,-3.457148033664994569e-01,-1.246707399782492204e-01,1.275800610285107717e-01,-2.454213952161298784e-01,-1.071178971391390233e-01,8.421222466993802044e-03,-2.279757443779465431e-01,-1.444330555735612309e-01,1.226426688895995015e-01,1.600769499918044125e-01,-6.330181431984571727e-02,-1.756134706772391474e-02,1.032152874282234595e-01,2.179498326794194751e-01,-8.966489151293605131e-02,-1.329216164096582442e-01,2.267616841349022819e-02,1.835651392654662761e-01,-1.266859810394067865e-01,-2.681878393804559280e-01,-3.907219641903807439e-01,2.977427594211231043e-01,-2.284707386228630455e-01
3.190957263255353449e-01,-6.704626899413056174e-02,-1.253955127332194962e-02,3.105221237093481676e-02,1.746670435310532787e-01,-2.203290961668363523e-01,1.518840139392781674e-01,2.767787314683608502e-01,-1.867904046962411135e-01,7.292318455701045365e-02,-1.677067836412741986e-01,-3.425505091192698748e-01,-1.854885714483452824e-02,-3.276948046807286463e-01,1.786080830843494727e-01,-4.152642975226084610e-01,-2.324163372077865941e-01,-4.951956417215242628e-02,-1.240026545922095630e-01,2.892463945003552819e-02,-4.085670773958322705e-02,1.704743938263185779e-02,-1.119631313824975827e-02,2.825520279938849022e-01,-7.096511194796667303e-03,2.414351913078684186e-02,-1.122503161655798165e-01,7.643419280628335928e-03,2.174610534235260073e-01,5.140682119374565288e-04,2.998851859181015864e-02
1.267436916045417972e-01,-5.256835754449154519e-02,-3.244910175040314204e-01,-1.776576914882383451e-01,-2.057299491420381266e-01,2.858993127618716379e-01,3.943877599277432339e-02,4.981878540208615341e-02,9.983722125072395925e-02,1.982101046926594834e-01,1.818027000299487772e-01,-2.612760982371115093e-02,-3.611791955618555428e-02,-2.141354742719714377e-02,-2.297130480482965087e-01,7.551041251447510906e-03,-3.358275805395588565e-01,3.605234924785524764e-01,-2.540668773014846324e-02,-2.748224681523400367e-02,1.490969387074391472e-01,-1.110262035069984748e-01,-1.003971972273400154e-01,-9.553612855203130749e-02,3.326226892075014735e-02,2.100401190433996701e-01,-5.576247479909376276e-02,-8.941798770664489970e-02,3.224250767711260846e-01,1.593223103225775705e-02,-3.466641281139540842e-01
-1.953765255705220416e-01,-2.397518809413039936e-02,1.041500959653422625e-01,-2.408425393376280033e-01,-1.923440521242085130e-02,2.665005643584784090e-01,2.354797682939540615e-01,1.959880792183436304e-01,6.563993365866410690e-02,-4.937501945102804046e-01,4.691295257316057538e-02,-1.637875611580642543e-01,-3.199321174732602802e-02,9.226326209420720320e-03,-8.158220484584917387e-02,-5.671026458647293600e-02,-6.745388271151711579e-02,-3.070075112838501208e-01,-4.352968880094213594e-02,1.784957290755750936e-01,2.958714573884723142e-01,1.196987954063553211e-02,3.913945118122305611e-01,-4.972806887302200912e-02,-1.075183758295339964e-01,-6.663626931474050941e-02,-3.967944722386402417e-02,6.846022445025262693e-02,1.096415794578111391e-01,-1.061997199598210678e-01,-1.325683738847044935e-01
-1.185007861484199260e-01,4.070167897540943880e-02,9.954219499387259237e-03,-4.763425620707144315e-02,2.190290889710404254e-02,-1.227770386274183584e-01,3.988986571005727344e-02,8.571748494963625509e-02,-2.966714733590611330e-02,1.889258583105585601e-02,1.732007989181554020e-01,-4.428705931931517514e-02,-7.401915944603734698e-02,-1.243497264986061362e-01,2.771453244736391333e-02,9.566132867579908716e-02,2.561621305171418381e-02,-2.470226086952344025e-01,1.104710093590324377e-01,2.219026355881376922e-01,-7.105890874084612972e-03,-3.846513036777828853e-01,-5.028660470005928973e-01,-1.280947492435801360e-01,1.291703449381770286e-01,-2.789206885665593827e-01,-4.173863506337939788e-01,1.313846949387288861e-02,-6.498384857947275828e-02,-1.947480807471427544e-01,-2.048324636036993052e-01
-2.020058548322106462e-01,-1.824280003184346743e-01,-1.626815357943051446e-02,3.063390822457099857e-02,6.140175156006680984e-02,-2.318834673595396578e-01,-2.845392787126465595e-01,-1.659712370105472651e-02,-1.908020173747227433e-01,-2.779227674885483695e-02,-3.182633360943531997e-01,2.937357464794981832e-01,1.923811906880792677e-01,-6.958782224575262194e-03,-4.506994327804766387e-01,-2.406410567624700514e-01,-2.618761952554358730e-01,5.027314425853893209e-02,1.159499741008480217e-01,1.388107127483949044e-01,4.575185256336151973e-02,-8.225115350323247698e-02,1.860478865833284645e-01,2.509924513714488492e-02,1.547468725162591263e-01,-1.198661488373317791e-01,-1.748811296374388688e-02,-1.545120258267527469e-01,-5.070934661886603023e-02,-2.026260617583161561e-01,-9.508218438094856451e-02
-1.094256525601337024e-03,-2.320720710679030976e-02,2.697456520030790117e-03,1.433853174176667189e-01,-6.828467404610351343e-02,-2.728904877196660847e-02,-2.926984857949864183e-01,2.767013577775240263e-01,-1.975717717476082602e-01,-1.632135776544838546e-01,-6.409930230548218852e-03,-9.460945664420965240e-02,2.324535330406910238e-01,-1.079659537454565471e-01,2.049592646782352479e-01,2.953047424892413786e-01,-5.544142843015933964e-02,1.850715193125676561e-01,-3.094667953239069180e-01,-3.471938695323431023e-01,3.426863517177111684e-02,-1.984284467338930935e-01,1.760377191187764145e-01,-1.232604853989259647e-01,-1.159064881879168923e-01,-3.059537980778566091e-01,-5.880190462355038006e-02,-8.273776296650400819e-02,-8.586373447498923950e-02,1.651315974536026465e-01,-2.220920785138602860e-01
-4.537978305971837600e-02,3.290324348845872215e-01,1.231157956399140524e-01,1.669052482353658717e-01,-1.625492593491508764e-01,2.103670963453687370e-01,4.381824171056565576e-02,-1.971794820460816833e-01,-2.258240649476543627e-01,1.731653813097390193e-01,-1.199180119174625414e-01,-2.734792489130662418e-01,2.048606513962160369e-01,1.888031527084151340e-01,1.307195964368517913e-02,5.383292759856200121e-02,-1.771085744349056024e-01,-8.921449428844158147e-02,-1.615095157410054716e-01,2.774597400238063699e-02,2.789231638005538194e-01,-1.273806768588731653e-01,-8.047484499428425586e-02,2.773469333064595976e-01,3.244969632874195042e-01,5.459771803535782599e-03,2.134875836740147970e-01,2.032895379761865406e-01,-1.501110635625875489e-01,-1.442273981256344262e-01,-7.197132009110533690e-02
1.137077223394565989e-01,2.313640569226083632e-01,-3.373123893185721311e-02,-9.372723888594597375e-02,2.086103871205684801e-01,1.557732190012759907e-02,9.474873422752612406e-03,4.407612212977904953e-01,4.589320780336157701e-02,-4.174542762834843740e-02,1.502827999451900320e-01,6.246043361222751444e-02,-2.377851189652262914e-02,-1.289234963383514843e-01,2.218529147711882990e-02,2.047394806862016733e-02,1.083303546258946592e-01,3.571706270577967302e-01,-1.336472544939885931e-01,2.591988549831997224e-01,7.688533575074243953e-02,7.753484910105833128e-02,2.614570328270857461e-02,-1.729741331058063658e-01,3.217150339672534831e-01,4.996431984363383649e-02,2.141632998380970099e-01,-9.626570317961206935e-02,-2.937719915923427960e-01,-3.077657063476612609e-01,1.674335247725103337e-01
-5.372593122856561543e-02,1.733918150620876453e-01,3.699133901350211417e-02,-1.761333402389834643e-02,-1.071278221003329201e-01,-1.705327084185774000e-01,-3.802596966901666820e-02,-1.165677499541582507e-01,1.937716931713844015e-01,-1.383471195413565058e-01,2.241078330418113662e-01,7.928247361300912177e-02,-1.099104437448051863e-01,-9.801805799588579615e-02,-2.948332550072947991e-02,-3.508342058769216010e-01,-1.560288055837714682e-01,-1.663182551113567831e-01,-1.983940792948147291e-01,-3.645351860199871341e-01,-1.946084353231426478e-01,6.206742217672785861e-02,3.816638375753387408e-02,-2.940089197640255447e-01,4.557072206682812321e-01,-1.091552506746010509e-01,1.193977009757444668e-01,2.096909063314429666e-01,9.640531139576492825e-02,7.429973303745199265e-02,-6.662729828366374674e-02
-2.600683843279340615e-02,2.000041708343776037e-01,-3.202449082916039025e-01,1.349400830263257356e-01,-2.776040082745288018e-01,7.688405817288004873e-02,-1.282269606674761864e-01,-1.940197918128231669e-01,1.008462128146875997e-01,-4.378267511616760338e-02,-7.653103108618811157e-02,-1.340013941388935592e-01,-1.887222424202197185e-02,-2.590977959658148921e-01,-1.527202147061102605e-02,-2.230377815208508530e-01,1.713937989788941185e-01,-1.614211277569838343e-01,-2.095040038218324019e-01,5.408091890461013546e-02,-9.857723380207605857e-02,5.675917572236410802e-02,-8.100638484863577349e-02,-5.515134764978031623e-02,-3.497889178907783725e-01,-6.827351783982311961e-02,2.046725641682674846e-01,-3.420794391452115502e-01,-8.407427229404328128e-02,-3.508754705230955895e-01,-8.503701225117242524e-02
-1.417951271683454972e-01,4.345557414713898670e-01,-2.667488595936781323e-02,-1.125859380892857142e-01,-8.511216562899830140e-02,-2.375739359081271707e-01,-1.802197754799656215e-01,1.856151514128022151e-01,2.304536079258757419e-01,-1.089430620536912531e-01,-8.104227012222507687e-02,-2.539303176529681405e-01,1.498817286969836571e-01,2.670126328551512551e-01,-2.755162506151533908e-01,-2.344088200304418612e-02,-2.901274491868634925e-02,1.041424163482947141e-01,-1.490928113499098151e-01,1.369450468330528081e-01,-2.592647156712413192e-01,-1.121339875369196382e-01,-2.881409074648181440e-02,7.082321876729322230e-02,-1.855410491386389193e-01,2.124936847325806788e-01,-2.338950906204277647e-01,1.370748480772488176e-01,2.260196228133685287e-02,1.644725850895094321e-01,1.478508571283678741e-01
1.490152234308237365e-02,1.050063531179158127e-01,2.240423410596767972e-01,3.242430799665816377e-01,-1.251521911090458794e-01,2.894613660807952016e-01,-1.735983998993728961e-01,-1.147682038170228999e-02,-1.356340040612743214e-01,-5.556669641208264454e-02,1.037000921316136824e-02,1.244090126846428453e-02,1.723829893111401279e-01,-2.923952721049140058e-01,7.370569559352993516e-02,6.831226447610076746e-02,2.438160381383627437e-02,1.303612888863042024e-02,1.682030662127289578e-01,2.747533503220551121e-01,-3.372314933024295747e-01,2.886128125819215628e-01,1.252105226636966440e-01,-1.354690412633861862e-01,1.375926346255363364e-01,2.499216499958663851e-01,-2.678821849585248382e-01,1.159574216306243910e-01,1.266506165090624803e-01,-2.454065794010321794e-02,-1.944408009919359748e-01
-2.503993214901290565e-01,1.198489518688044819e-01,-3.942128667045334267e-01,6.803354927083724024e-02,-1.464235289603245393e-02,-1.092844138968350198e-01,-2.431546994992109245e-01,-5.021137949656467869e-02,-3.443682840069789419e-02,-4.612912807722849284e-02,-2.785369357766838416e-02,-8.130452501001042553e-02,-4.347387980983553613e-01,-2.141023184368286147e-01,1.263857305477854576e-01,1.607002582443230743e-01,-6.090456976156612134e-02,-1.684831839798332787e-02,1.658708279601839308e-01,-1.640578308609839386e-01,2.691447251878826830e-01,5.970369436989049483e-02,2.054396727889922225e-01,1.751401137858814017e-01,1.540514060593634604e-01,2.269855580644594972e-01,-2.806115306598793713e-01,7.443303725138686322e-02,-1.233182233692910745e-01,-4.036382601303248330e-02,1.344890798558327216e-01
